 1.0000000    -0.0000000
 0.9998044     0.0000609
 0.9992321     0.0002393
 0.9983069     0.0005261
 0.9970444     0.0009113
 0.9954554     0.0013845
 0.9935476     0.0019364
 0.9913259     0.0025583
 0.9887944     0.0032431
 0.9859560     0.0039846
 0.9828133     0.0047771
 0.9793687     0.0056155
 0.9756237     0.0064952
 0.9715797     0.0074119
 0.9672374     0.0083621
 0.9625973     0.0093428
 0.9576594     0.0103524
 0.9524243     0.0113898
 0.9468926     0.0124551
 0.9410655     0.0135493
 0.9349451     0.0146737
 0.9285344     0.0158305
 0.9218373     0.0170218
 0.9148584     0.0182499
 0.9076035     0.0195169
 0.9000789     0.0208244
 0.8922917     0.0221739
 0.8842493     0.0235661
 0.8759594     0.0250015
 0.8674300     0.0264800
 0.8586689     0.0280012
 0.8496844     0.0295645
 0.8404843     0.0311690
 0.8310770     0.0328139
 0.8214706     0.0344981
 0.8116737     0.0362205
 0.8016948     0.0379799
 0.7915429     0.0397749
 0.7812268     0.0416037
 0.7707558     0.0434645
 0.7601391     0.0453553
 0.7493859     0.0472735
 0.7385055     0.0492167
 0.7275072     0.0511820
 0.7164003     0.0531664
 0.7051938     0.0551667
 0.6938968     0.0571796
 0.6825184     0.0592018
 0.6710675     0.0612299
 0.6595532     0.0632605
 0.6479847     0.0652899
 0.6363713     0.0673144
 0.6247225     0.0693298
 0.6130475     0.0713313
 0.6013552     0.0733137
 0.5896541     0.0752715
 0.5779518     0.0771991
 0.5662554     0.0790911
 0.5545716     0.0809427
 0.5429073     0.0827493
 0.5312693     0.0845067
 0.5196650     0.0862105
 0.5081016     0.0878559
 0.4965864     0.0894376
 0.4851261     0.0909497
 0.4737266     0.0923859
 0.4623927     0.0937399
 0.4511283     0.0950059
 0.4399366     0.0961785
 0.4288203     0.0972531
 0.4177816     0.0982258
 0.4068228     0.0990932
 0.3959458     0.0998527
 0.3851526     0.1005021
 0.3744452     0.1010396
 0.3638254     0.1014640
 0.3532951     0.1017746
 0.3428562     0.1019711
 0.3325110     0.1020537
 0.3222615     0.1020229
 0.3121101     0.1018796
 0.3020595     0.1016250
 0.2921124     0.1012605
 0.2822718     0.1007876
 0.2725408     0.1002080
 0.2629228     0.0995236
 0.2534211     0.0987361
 0.2440389     0.0978473
 0.2347798     0.0968594
 0.2256471     0.0957742
 0.2166440     0.0945939
 0.2077739     0.0933207
 0.1990399     0.0919569
 0.1904449     0.0905052
 0.1819922     0.0889685
 0.1736848     0.0873498
 0.1655261     0.0856524
 0.1575197     0.0838795
 0.1496690     0.0820346
 0.1419775     0.0801208
 0.1344487     0.0781415
 0.1270861     0.0761002
 0.1198932     0.0740002
 0.1128734     0.0718451
 0.1060300     0.0696383
 0.0993664     0.0673834
 0.0928856     0.0650841
 0.0865909     0.0627439
 0.0804849     0.0603666
 0.0745700     0.0579564
 0.0688485     0.0555181
 0.0633230     0.0530572
 0.0579968     0.0505803
 0.0528747     0.0480941
 0.0479629     0.0456044
 0.0432686     0.0431158
 0.0387990     0.0406308
 0.0345603     0.0381501
 0.0305566     0.0356734
 0.0267900     0.0332008
 0.0232612     0.0307335
 0.0199699     0.0282747
 0.0169165     0.0258289
 0.0141024     0.0234019
 0.0115304     0.0209998
 0.0092046     0.0186280
 0.0071295     0.0162914
 0.0053100     0.0139936
 0.0037510     0.0117373
 0.0024564     0.0095247
 0.0014299     0.0073574
 0.0006744     0.0052370
 0.0001920     0.0031654
-0.0000154     0.0011446
 0.0000540    -0.0008226
 0.0004022    -0.0027329
 0.0010320    -0.0045827
 0.0019469    -0.0063685
 0.0031519    -0.0080874
 0.0046522    -0.0097375
 0.0064536    -0.0113189
 0.0085617    -0.0128329
 0.0109810    -0.0142827
 0.0137146    -0.0156724
 0.0167641    -0.0170071
 0.0201296    -0.0182919
 0.0238092    -0.0195315
 0.0278003    -0.0207302
 0.0320992    -0.0218913
 0.0367022    -0.0230173
 0.0416051    -0.0241102
 0.0468039    -0.0251719
 0.0522946    -0.0262041
 0.0580728    -0.0272087
 0.0641336    -0.0281873
 0.0704719    -0.0291419
 0.0770819    -0.0300738
 0.0839574    -0.0309843
 0.0910922    -0.0318741
 0.0984797    -0.0327440
 0.1061133    -0.0335942
 0.1139861    -0.0344254
 0.1220907    -0.0352381
 0.1304189    -0.0360323
 0.1389615    -0.0368076
 0.1477088    -0.0375620
 0.1566511    -0.0382915
 0.1657801    -0.0389907
 0.1750894    -0.0396525
 0.1845754    -0.0402701
 0.1942372    -0.0408381
 0.2040752    -0.0413538
 0.2140900    -0.0418175
 0.2242806    -0.0422323
 0.2346437    -0.0426028
 0.2451729    -0.0429336
 0.2558600    -0.0432284
 0.2666955    -0.0434889
 0.2776699    -0.0437148
 0.2887745    -0.0439049
 0.3000018    -0.0440572
 0.3113452    -0.0441699
 0.3227988    -0.0442418
 0.3343569    -0.0442723
 0.3460139    -0.0442613
 0.3577637    -0.0442092
 0.3696002    -0.0441164
 0.3815170    -0.0439839
 0.3935076    -0.0438124
 0.4055650    -0.0436029
 0.4176823    -0.0433565
 0.4298523    -0.0430741
 0.4420677    -0.0427568
 0.4543210    -0.0424056
 0.4666045    -0.0420215
 0.4789107    -0.0416053
 0.4912315    -0.0411580
 0.5035593    -0.0406803
 0.5158861    -0.0401729
 0.5282040    -0.0396362
 0.5405052    -0.0390709
 0.5527820    -0.0384774
 0.5650270    -0.0378562
 0.5772324    -0.0372080
 0.5893906    -0.0365334
 0.6014940    -0.0358332
 0.6135346    -0.0351082
 0.6255045    -0.0343587
 0.6373956    -0.0335852
 0.6492002    -0.0327876
 0.6609105    -0.0319657
 0.6725190    -0.0311191
 0.6840186    -0.0302472
 0.6954027    -0.0293493
 0.7066648    -0.0284247
 0.7177990    -0.0274731
 0.7287999    -0.0264939
 0.7396619    -0.0254870
 0.7503801    -0.0244525
 0.7609493    -0.0233905
 0.7713649    -0.0223012
 0.7816222    -0.0211847
 0.7917170    -0.0200411
 0.8016458    -0.0188706
 0.8114056    -0.0176732
 0.8209942    -0.0164495
 0.8304106    -0.0152004
 0.8396543    -0.0139276
 0.8487261    -0.0126344
 0.8576270    -0.0113251
 0.8663586    -0.0100064
 0.8749220    -0.0086870
 0.8833175    -0.0073776
 0.8915437    -0.0060913
 0.8995970    -0.0048425
 0.9074713    -0.0036471
 0.9151574    -0.0025212
 0.9226426    -0.0014809
 0.9299116    -0.0005410
 0.9369456     0.0002853
 0.9437236     0.0009871
 0.9502220     0.0015567
 0.9564159     0.0019897
 0.9622795     0.0022860
 0.9677867     0.0024492
 0.9729126     0.0024877
 0.9776337     0.0024136
 0.9819293     0.0022430
 0.9857818     0.0019951
 0.9891777     0.0016916
 0.9921075     0.0013563
 0.9945668     0.0010140
 0.9965563     0.0006898
 0.9980821     0.0004074
 0.9991552     0.0001880
 0.9997901     0.0000482
 1.0000000     0.0000000
