 1.0000000     0.0000000
 0.9966206     0.0002265
 0.9915681     0.0005626
 0.9865311     0.0008949
 0.9815085     0.0012234
 0.9764991     0.0015482
 0.9715017     0.0018693
 0.9665152     0.0021870
 0.9615383     0.0025012
 0.9565701     0.0028122
 0.9516093     0.0031198
 0.9466550     0.0034243
 0.9417061     0.0037257
 0.9367617     0.0040241
 0.9318210     0.0043194
 0.9268831     0.0046118
 0.9219475     0.0049013
 0.9170136     0.0051879
 0.9120810     0.0054717
 0.9071492     0.0057526
 0.9022181     0.0060306
 0.8972874     0.0063059
 0.8923570     0.0065783
 0.8874269     0.0068479
 0.8824969     0.0071146
 0.8775669     0.0073786
 0.8726368     0.0076398
 0.8677066     0.0078982
 0.8627762     0.0081539
 0.8578455     0.0084067
 0.8529145     0.0086568
 0.8479831     0.0089042
 0.8430512     0.0091488
 0.8381189     0.0093906
 0.8331860     0.0096298
 0.8282525     0.0098661
 0.8233184     0.0100998
 0.8183837     0.0103307
 0.8134483     0.0105589
 0.8085123     0.0107844
 0.8035756     0.0110071
 0.7986382     0.0112271
 0.7937001     0.0114444
 0.7887614     0.0116590
 0.7838219     0.0118709
 0.7788819     0.0120801
 0.7739412     0.0122866
 0.7689999     0.0124904
 0.7640581     0.0126914
 0.7591158     0.0128898
 0.7541730     0.0130854
 0.7492299     0.0132783
 0.7442864     0.0134685
 0.7393426     0.0136561
 0.7343987     0.0138409
 0.7294547     0.0140230
 0.7245106     0.0142024
 0.7195667     0.0143790
 0.7146229     0.0145530
 0.7096795     0.0147243
 0.7047364     0.0148928
 0.6997939     0.0150587
 0.6948521     0.0152218
 0.6899110     0.0153822
 0.6849708     0.0155398
 0.6800315     0.0156947
 0.6750932     0.0158469
 0.6701559     0.0159963
 0.6652196     0.0161429
 0.6602843     0.0162867
 0.6553499     0.0164277
 0.6504163     0.0165659
 0.6454835     0.0167013
 0.6405514     0.0168339
 0.6356198     0.0169637
 0.6306886     0.0170907
 0.6257575     0.0172148
 0.6208264     0.0173361
 0.6158951     0.0174545
 0.6109633     0.0175701
 0.6060307     0.0176829
 0.6010971     0.0177928
 0.5961621     0.0178998
 0.5912254     0.0180040
 0.5862868     0.0181054
 0.5813461     0.0182041
 0.5764030     0.0183000
 0.5714574     0.0183933
 0.5665093     0.0184839
 0.5615586     0.0185719
 0.5566054     0.0186573
 0.5516497     0.0187401
 0.5466916     0.0188204
 0.5417313     0.0188982
 0.5367690     0.0189735
 0.5318049     0.0190464
 0.5268394     0.0191168
 0.5218727     0.0191849
 0.5169054     0.0192506
 0.5119379     0.0193140
 0.5069706     0.0193751
 0.5020041     0.0194339
 0.4970390     0.0194905
 0.4920759     0.0195447
 0.4871155     0.0195966
 0.4821582     0.0196459
 0.4772047     0.0196925
 0.4722554     0.0197364
 0.4673108     0.0197775
 0.4623712     0.0198156
 0.4574372     0.0198506
 0.4525090     0.0198825
 0.4475871     0.0199111
 0.4426716     0.0199363
 0.4377629     0.0199581
 0.4328612     0.0199763
 0.4279667     0.0199910
 0.4230796     0.0200018
 0.4182000     0.0200089
 0.4133280     0.0200121
 0.4084638     0.0200112
 0.4036073     0.0200063
 0.3987586     0.0199973
 0.3939177     0.0199840
 0.3890846     0.0199664
 0.3842592     0.0199444
 0.3794413     0.0199180
 0.3746309     0.0198870
 0.3698278     0.0198514
 0.3650317     0.0198112
 0.3602424     0.0197662
 0.3554596     0.0197163
 0.3506829     0.0196616
 0.3459120     0.0196019
 0.3411465     0.0195371
 0.3363860     0.0194672
 0.3316300     0.0193921
 0.3268780     0.0193116
 0.3221295     0.0192258
 0.3173839     0.0191345
 0.3126406     0.0190377
 0.3078990     0.0189351
 0.3031584     0.0188268
 0.2984182     0.0187126
 0.2936775     0.0185925
 0.2889359     0.0184665
 0.2841927     0.0183347
 0.2794478     0.0181971
 0.2747010     0.0180538
 0.2699524     0.0179049
 0.2652023     0.0177505
 0.2604512     0.0175906
 0.2556996     0.0174254
 0.2509485     0.0172549
 0.2461987     0.0170794
 0.2414516     0.0168987
 0.2367083     0.0167130
 0.2319702     0.0165221
 0.2272389     0.0163261
 0.2225159     0.0161249
 0.2178027     0.0159186
 0.2131012     0.0157071
 0.2084130     0.0154905
 0.2037400     0.0152689
 0.1990841     0.0150422
 0.1944471     0.0148107
 0.1898311     0.0145747
 0.1852381     0.0143347
 0.1806706     0.0140914
 0.1761311     0.0138453
 0.1716220     0.0135971
 0.1671460     0.0133472
 0.1627058     0.0130963
 0.1583041     0.0128449
 0.1539433     0.0125935
 0.1496262     0.0123427
 0.1453551     0.0120929
 0.1411340     0.0118440
 0.1369716     0.0115952
 0.1328816     0.0113464
 0.1288805     0.0110979
 0.1249860     0.0108501
 0.1212148     0.0106036
 0.1175810     0.0103592
 0.1140947     0.0101177
 0.1107621     0.0098797
 0.1075851     0.0096458
 0.1045620     0.0094163
 0.1016885     0.0091916
 0.0989583     0.0089718
 0.0963639     0.0087570
 0.0938974     0.0085487
 0.0915509     0.0083494
 0.0893164     0.0081607
 0.0871859     0.0079838
 0.0851518     0.0078193
 0.0832065     0.0076673
 0.0813431     0.0075280
 0.0795553     0.0074012
 0.0778372     0.0072867
 0.0761839     0.0071842
 0.0745909     0.0070934
 0.0730540     0.0070138
 0.0715696     0.0069449
 0.0701341     0.0068842
 0.0687443     0.0068288
 0.0673975     0.0067764
 0.0660912     0.0067249
 0.0648229     0.0066727
 0.0635905     0.0066184
 0.0623922     0.0065608
 0.0612262     0.0064989
 0.0600909     0.0064320
 0.0589846     0.0063595
 0.0579061     0.0062808
 0.0568539     0.0061954
 0.0558270     0.0061032
 0.0548241     0.0060037
 0.0538442     0.0058969
 0.0528862     0.0057826
 0.0519493     0.0056608
 0.0510325     0.0055313
 0.0501351     0.0053942
 0.0492561     0.0052495
 0.0483950     0.0050972
 0.0475510     0.0049375
 0.0467234     0.0047713
 0.0459118     0.0046006
 0.0451154     0.0044271
 0.0443338     0.0042524
 0.0435663     0.0040779
 0.0428124     0.0039048
 0.0420715     0.0037342
 0.0413430     0.0035671
 0.0406265     0.0034043
 0.0399214     0.0032467
 0.0392273     0.0030949
 0.0385436     0.0029496
 0.0378699     0.0028115
 0.0372059     0.0026809
 0.0365510     0.0025584
 0.0359049     0.0024445
 0.0352671     0.0023395
 0.0346375     0.0022438
 0.0340155     0.0021578
 0.0334009     0.0020818
 0.0327933     0.0020161
 0.0321925     0.0019610
 0.0315982     0.0019167
 0.0310100     0.0018836
 0.0304278     0.0018619
 0.0298512     0.0018519
 0.0292800     0.0018538
 0.0287139     0.0018679
 0.0281528     0.0018944
 0.0275965     0.0019335
 0.0270446     0.0019855
 0.0264970     0.0020506
 0.0259535     0.0021291
 0.0254139     0.0022213
 0.0248780     0.0023274
 0.0243456     0.0024477
 0.0238165     0.0025824
 0.0232905     0.0027319
 0.0227676     0.0028958
 0.0222475     0.0030727
 0.0217300     0.0032606
 0.0212150     0.0034580
 0.0207023     0.0036631
 0.0201917     0.0038743
 0.0196829     0.0040901
 0.0191758     0.0043090
 0.0186700     0.0045293
 0.0181653     0.0047497
 0.0176614     0.0049686
 0.0171579     0.0051845
 0.0166546     0.0053959
 0.0161511     0.0056012
 0.0156469     0.0057988
 0.0151417     0.0059871
 0.0146350     0.0061643
 0.0141262     0.0063286
 0.0136149     0.0064780
 0.0131002     0.0066102
 0.0125815     0.0067230
 0.0120580     0.0068136
 0.0115286     0.0068791
 0.0109923     0.0069160
 0.0104477     0.0069215
 0.0098930     0.0068936
 0.0093263     0.0068295
 0.0087451     0.0067258
 0.0081465     0.0065780
 0.0075265     0.0063803
 0.0068799     0.0061249
 0.0061995     0.0058007
 0.0054750     0.0053915
 0.0046900     0.0048721
 0.0038162     0.0041984
 0.0027954     0.0032799
 0.0014593     0.0018559
 0.0000000     0.0000000
