 1.0000000     0.0008400
 0.9972159     0.0012860
 0.9928163     0.0019875
 0.9881153     0.0027325
 0.9830747     0.0035261
 0.9776528     0.0043737
 0.9718082     0.0052804
 0.9655055     0.0062500
 0.9587270     0.0072834
 0.9514908     0.0083758
 0.9438801     0.0095128
 0.9362634     0.0106383
 0.9287496     0.0117364
 0.9212391     0.0128219
 0.9136610     0.0139047
 0.9059733     0.0149905
 0.8982725     0.0160651
 0.8906686     0.0171134
 0.8831360     0.0181395
 0.8756502     0.0191470
 0.8681907     0.0201391
 0.8607402     0.0211182
 0.8532841     0.0220863
 0.8458106     0.0230450
 0.8383097     0.0239956
 0.8307743     0.0249389
 0.8231994     0.0258755
 0.8155825     0.0268056
 0.8079241     0.0277291
 0.8002275     0.0286454
 0.7924990     0.0295537
 0.7847461     0.0304531
 0.7769760     0.0313425
 0.7691948     0.0322212
 0.7614083     0.0330883
 0.7536213     0.0339434
 0.7458378     0.0347860
 0.7380608     0.0356157
 0.7302926     0.0364323
 0.7225345     0.0372356
 0.7147871     0.0380256
 0.7070500     0.0388024
 0.6993222     0.0395661
 0.6916019     0.0403168
 0.6838871     0.0410546
 0.6761760     0.0417797
 0.6684669     0.0424921
 0.6607587     0.0431918
 0.6530499     0.0438788
 0.6453397     0.0445530
 0.6376273     0.0452145
 0.6299119     0.0458632
 0.6221931     0.0464989
 0.6144708     0.0471216
 0.6067448     0.0477311
 0.5990153     0.0483272
 0.5912826     0.0489100
 0.5835470     0.0494792
 0.5758090     0.0500349
 0.5680690     0.0505770
 0.5603273     0.0511055
 0.5525844     0.0516202
 0.5448406     0.0521213
 0.5370963     0.0526085
 0.5293518     0.0530820
 0.5216077     0.0535416
 0.5138642     0.0539873
 0.5061218     0.0544192
 0.4983807     0.0548372
 0.4906415     0.0552409
 0.4829043     0.0556299
 0.4751696     0.0560033
 0.4674376     0.0563606
 0.4597087     0.0567009
 0.4519831     0.0570237
 0.4442610     0.0573282
 0.4365427     0.0576137
 0.4288285     0.0578797
 0.4211184     0.0581254
 0.4134127     0.0583502
 0.4057115     0.0585535
 0.3980150     0.0587345
 0.3903233     0.0588927
 0.3826367     0.0590272
 0.3749552     0.0591374
 0.3672790     0.0592224
 0.3596081     0.0592816
 0.3519425     0.0593141
 0.3442821     0.0593194
 0.3366269     0.0592966
 0.3289767     0.0592449
 0.3213313     0.0591638
 0.3136905     0.0590523
 0.3060539     0.0589099
 0.2984213     0.0587357
 0.2907923     0.0585290
 0.2831668     0.0582893
 0.2755447     0.0580162
 0.2679265     0.0577093
 0.2603129     0.0573680
 0.2527048     0.0569919
 0.2451033     0.0565808
 0.2375097     0.0561340
 0.2299251     0.0556508
 0.2223497     0.0551305
 0.2147834     0.0545723
 0.2072253     0.0539753
 0.1996739     0.0533387
 0.1921275     0.0526614
 0.1845847     0.0519417
 0.1770469     0.0511782
 0.1695174     0.0503695
 0.1620024     0.0495147
 0.1545101     0.0486132
 0.1470510     0.0476651
 0.1396369     0.0466703
 0.1322759     0.0456273
 0.1249686     0.0445337
 0.1177081     0.0433857
 0.1104813     0.0421784
 0.1032686     0.0409055
 0.0960436     0.0395584
 0.0887808     0.0381293
 0.0814976     0.0366217
 0.0742796     0.0350555
 0.0672657     0.0334609
 0.0605591     0.0318304
 0.0541593     0.0301278
 0.0479985     0.0283083
 0.0419857     0.0263351
 0.0360948     0.0242468
 0.0303951     0.0221251
 0.0250179     0.0200726
 0.0201076     0.0181682
 0.0159546     0.0163577
 0.0127823     0.0146972
 0.0103566     0.0132093
 0.0084417     0.0118816
 0.0068909     0.0106898
 0.0056048     0.0096028
 0.0045209     0.0085967
 0.0035989     0.0076547
 0.0028119     0.0067646
 0.0021412     0.0059173
 0.0015737     0.0051059
 0.0011000     0.0043248
 0.0007135     0.0035695
 0.0004098     0.0028363
 0.0001862     0.0021221
 0.0000418     0.0014239
-0.0000230     0.0007393
-0.0000062     0.0000657
 0.0000949    -0.0005993
 0.0002791    -0.0012588
 0.0005451    -0.0019159
 0.0008930    -0.0025733
 0.0013247    -0.0032340
 0.0018438    -0.0039009
 0.0024559    -0.0045772
 0.0031690    -0.0052666
 0.0039944    -0.0059733
 0.0049481    -0.0067028
 0.0060528    -0.0074619
 0.0073415    -0.0082597
 0.0088649    -0.0091092
 0.0107030    -0.0100285
 0.0129868    -0.0110413
 0.0159007    -0.0121576
 0.0197053    -0.0133449
 0.0243549    -0.0144643
 0.0293468    -0.0154556
 0.0346186    -0.0164017
 0.0402693    -0.0173153
 0.0463817    -0.0181935
 0.0529763    -0.0190167
 0.0599445    -0.0197515
 0.0671294    -0.0203840
 0.0744071    -0.0209212
 0.0817322    -0.0213839
 0.0891156    -0.0217871
 0.0965643    -0.0221361
 0.1040740    -0.0224355
 0.1116314    -0.0226891
 0.1192246    -0.0228992
 0.1268437    -0.0230686
 0.1344812    -0.0232005
 0.1421319    -0.0232980
 0.1497932    -0.0233647
 0.1574651    -0.0234041
 0.1651487    -0.0234184
 0.1728451    -0.0234096
 0.1805546    -0.0233794
 0.1882769    -0.0233297
 0.1960113    -0.0232622
 0.2037562    -0.0231788
 0.2115100    -0.0230811
 0.2192709    -0.0229701
 0.2270377    -0.0228468
 0.2348097    -0.0227122
 0.2425866    -0.0225672
 0.2503683    -0.0224128
 0.2581555    -0.0222499
 0.2659487    -0.0220795
 0.2737484    -0.0219027
 0.2815547    -0.0217204
 0.2893675    -0.0215337
 0.2971862    -0.0213436
 0.3050101    -0.0211511
 0.3128382    -0.0209568
 0.3206696    -0.0207607
 0.3285033    -0.0205630
 0.3363377    -0.0203637
 0.3441714    -0.0201628
 0.3520049    -0.0199604
 0.3598387    -0.0197566
 0.3676731    -0.0195513
 0.3755067    -0.0193446
 0.3833387    -0.0191367
 0.3911689    -0.0189275
 0.3989972    -0.0187170
 0.4068235    -0.0185054
 0.4146479    -0.0182925
 0.4224703    -0.0180782
 0.4302908    -0.0178622
 0.4381097    -0.0176444
 0.4459269    -0.0174247
 0.4537429    -0.0172029
 0.4615577    -0.0169789
 0.4693716    -0.0167524
 0.4771850    -0.0165233
 0.4849982    -0.0162915
 0.4928116    -0.0160567
 0.5006256    -0.0158189
 0.5084406    -0.0155779
 0.5162571    -0.0153340
 0.5240753    -0.0150874
 0.5318955    -0.0148385
 0.5397178    -0.0145875
 0.5475422    -0.0143347
 0.5553686    -0.0140805
 0.5631968    -0.0138250
 0.5710263    -0.0135687
 0.5788570    -0.0133118
 0.5866881    -0.0130546
 0.5945190    -0.0127975
 0.6023490    -0.0125407
 0.6101774    -0.0122846
 0.6180034    -0.0120291
 0.6258266    -0.0117742
 0.6336470    -0.0115201
 0.6414646    -0.0112668
 0.6492797    -0.0110142
 0.6570930    -0.0107625
 0.6649054    -0.0105115
 0.6727178    -0.0102613
 0.6805317    -0.0100119
 0.6883486    -0.0097633
 0.6961704    -0.0095154
 0.7039989    -0.0092683
 0.7118278    -0.0090221
 0.7196467    -0.0087773
 0.7274549    -0.0085339
 0.7352527    -0.0082920
 0.7430412    -0.0080517
 0.7508224    -0.0078128
 0.7585991    -0.0075755
 0.7663749    -0.0073396
 0.7741541    -0.0071050
 0.7819421    -0.0068717
 0.7897448    -0.0066396
 0.7975677    -0.0064086
 0.8053804    -0.0061796
 0.8131572    -0.0059533
 0.8208938    -0.0057298
 0.8285897    -0.0055089
 0.8362470    -0.0052905
 0.8438708    -0.0050744
 0.8514686    -0.0048602
 0.8590503    -0.0046475
 0.8666284    -0.0044361
 0.8742179    -0.0042252
 0.8818368    -0.0040145
 0.8895066    -0.0038031
 0.8972523    -0.0035905
 0.9050465    -0.0033772
 0.9127344    -0.0031675
 0.9203143    -0.0029614
 0.9278296    -0.0027577
 0.9353499    -0.0025547
 0.9429744    -0.0023495
 0.9507008    -0.0021424
 0.9580818    -0.0019453
 0.9649883    -0.0017616
 0.9714019    -0.0015915
 0.9773420    -0.0014345
 0.9828465    -0.0012894
 0.9879594    -0.0011551
 0.9927242    -0.0010301
 0.9971809    -0.0009136
 1.0000000    -0.0008400
